0.51
0.65
0.81
0.81
0.62
1.6
0.62
0.79
0.67
1.4
3.0
1.3
0.61
3.4
2.1
3.2
2.8
5.2
1.7
0.78
1.2
0.75
4.1
5.5
3.8
3.5
2.5
2.0
2.9
0.92
0.98
1.6
5.3
4.3
4.0
6.6
0.84
1.2
0.73
0.79
1.5
4.0
2.4
2.8
4.5
0.77
0.35
0.91
0.35
0.37
0.76
0.91
1.4
0.85
0.17
0.16
0.16
0.17
0.17
0.17
0.16
0.16
1.4
0.16
0.23
7.5
0.16
0.16
0.16
0.43
0.23
0.16
0.17
7.6
0.16
0.29
0.16
0.16
0.16
0.16
0.17
0.16
0.17
0.85
0.16
0.16
0.16
0.16
0.16
0.16
0.80
0.68
0.57
0.24
0.25
0.16
0.16
0.16
0.16
0.50
0.42
0.44
0.0072
0.19
0.16
0.17
0.15
0.0029
0.25
0.52
0.39
0.25
0.18
0.22
0.16
0.18
0.17
0.26
0.47
0.56
0.18
0.16
0.22
0.16
0.17
0.20
0.43
0.21
0.25
0.17
0.18
0.23
0.0031
0.24
0.0070
0.45
0.46
0.42
0.18
0.31
0.23
0.16
0.16
0.16
0.22
0.21
0.18
0.16
0.22
0.20
0.17
0.24
0.0069
0.22
0.24
0.15
0.15
0.22
0.17
0.22
0.24
0.21
0.15
0.18
0.25
0.20
0.16
0.16
0.15
0.17
0.16
0.18
0.28
0.17
0.17
0.18
0.17
0.16
0.19
0.16
1.0
5.4
1.5
0.22
2.5
0.70
