0.44
0.45
0.44
0.45
0.48
0.45
-
0.46
-
0.46
0.47
0.49
0.48
0.48
0.45
0.50
0.48
0.46
-
0.47
0.46
0.49
0.49
0.47
0.46
0.49
0.46
0.47
0.47
0.44
0.47
0.44
0.49
0.49
0.48
0.48
0.47
0.44
0.48
0.46
0.46
0.47
0.47
0.47
0.48
0.49
0.46
0.49
0.46
0.49
0.49
0.49
0.48
0.49
0.49
0.47
0.49
0.44
0.48
9.8
0.45
0.48
-
0.47
0.47
9.7
0.49
0.49
0.48
0.49
0.46
0.46
0.49
0.46
0.45
0.48
0.46
0.48
0.46
0.47
0.46
0.48
0.48
0.47
0.50
0.47
0.47
0.48
0.48
0.47
0.46
0.48
-
10
0.45
11
0.46
0.47
0.48
0.48
15
16
14
15
16
14
-
-
2.1
-
16
-
-
16
3.9
0.65
-
15
0.54
-
16
15
-
16
-
16
15
-
16
14
-
14
15
0.50
15
21
-
3.5
-
3.6
6.1
-
16
0.68
-
-
14
-
14
15
17
16
297
-
16
15
16
14
-
-
3.7
-
0.67
0.65
-
-
-
-
-
3.8
16
-
0.49
15
-
-
-
-
15
-
16
16
15
-
16
15
-
16
15
17
16
0.61
-
14
-
15
-
-
15
2.9
24
-
207
-
-
233
-
-
197
25
2.9
24
24
23
-
24
23
27
234
22
24
-
2.8
-
2.9
26
-
2.9
2.9
-
24
2.9
2.9
24
-
24
24
-
27
24
23
-
-
-
-
-
24
22
24
25
-
2.8
-
22
-
-
24
23
2.9
24
2.9
-
264
23
23
21
25
23
22
2.9
24
24
24
23
-
-
2.9
25
141
24
24
78
-
-
-
0.99
-
-
67
-
-
9.0
9.2
1.0
9.0
1.0
-
84
1.1
-
1.0
95
107
1.0
9.1
1.0
-
93
10
-
78
148
1.0
-
-
0.99
-
-
-
1.0
-
1.0
-
9.7
9.2
1.00
-
1.0
-
112
1.0
9.1
1.0
-
-
8.9
1.0
