0.19
0.02
2.7
0.02
3.8
2.9
11
3.1
0.21
0.02
0.02
0.02
0.02
0.02
0.02
0.02
0.02
1.7
0.18
1.5
0.02
7.4
0.02
0.02
0.20
0.19
0.18
0.17
0.18
0.17
0.18
0.18
0.18
0.18
1.7
8.0
0.21
1.8
0.29
3.3
490
0.22
0.18
0.18
1.7
1.9
0.19
32
0.22
0.18
0.02
0.02
216
0.02
0.02
6.3
0.02
-
4.2
0.03
0.02
0.02
0.03
0.02
0.03
0.02
5.4
0.02
0.26
0.03
43
0.03
0.03
0.02
6.4
-
-
-
744
-
-
0.27
0.39
-
-
-
-
-
-
-
-
-
-
0.26
0.49
0.24
-
-
-
12
0.03
0.03
-
0.03
0.03
14
225
8.6
0.32
0.03
0.03
0.04
86
0.03
0.04
0.03
-
0.03
-
0.03
9.4
0.03
0.03
0.03
-
-
-
0.32
-
-
-
0.32
-
0.31
-
-
-
-
-
-
-
16
-
0.87
-
-
-
-
-
0.32
